video_node:
  ros__parameters:
    dt: 0.005
    fx: 656.58771575
    fy: 656.60110198
    cx: 631.58766775
    cy: 527.02964399
    confidence: 0.5
    hoop_height: 2430.0
    camera_height: 1360.0
    pitch: 50.0 